n=10,  P=     2     3     5     7    11    13    17    19    23    29
  pp = 0000000000000000000000000000000000000000000000000000000000006469693230


            2     3     5     7    11    13    17    19    23    29
     X=     0     1     0     2     1     9    15     5     8    13 = 0000000000100
rank_X=     0     0     4     3     2    11     7     5     1    24 = 0000000000024
 CRT_X=0155272637620

     Y=     0     0     2     5     1    12    12    12    12    12 = 0000000000012
rank_Y=     0     2     2     4    10     6    15    13     9     3 = 0000000000032
 CRT_Y=0207030183372

             2     3     5     7    11    13    17    19    23    29
      X=     0     1     0     2     1     9    15     5     8    13 = 100
      Y=     0     0     2     5     1    12    12    12    12    12 = 12
    X+Y=     0     1     2     0     2     8    10    17    20    25 = 112
    X-Y=     0     1     3     4     0    10     3    12    19     1 = 88
    X*Y=     0     0     0     3     1     4    10     3     4    11 = 1200
X div Y=     0     2     3     1     8     8     8     8     8     8 = 8
X mod Y=     0     1     4     4     4     4     4     4     4     4 = 4
